0,00	1,000	0,700
0,02	1,050	0,736
0,04	1,100	0,772
0,06	1,149	0,807
0,08	1,199	0,843
0,10	1,248	0,878
0,12	1,298	0,913
0,14	1,347	0,948
0,16	1,396	0,983
0,18	1,444	1,018
0,20	1,493	1,052
0,22	1,542	1,086
0,24	1,590	1,120
0,26	1,638	1,154
0,28	1,687	1,188
0,30	1,735	1,222
0,32	1,782	1,256
0,34	1,830	1,289
0,36	1,878	1,322
0,38	1,925	1,355
0,40	1,972	1,388
0,42	2,019	1,421
0,44	2,066	1,453
0,46	2,113	1,486
0,48	2,160	1,518
0,50	2,207	1,550
0,52	2,253	1,582
0,54	2,299	1,614
0,56	2,345	1,645
0,58	2,391	1,677
0,60	2,437	1,708
0,62	2,483	1,739
0,64	2,529	1,770
0,66	2,574	1,801
0,68	2,619	1,832
0,70	2,664	1,862
0,72	2,709	1,892
0,74	2,754	1,922
0,76	2,799	1,952
0,78	2,843	1,982
0,80	2,888	2,012
0,82	2,932	2,042
0,84	2,976	2,071
0,86	3,020	2,100
0,88	3,064	2,129
0,90	3,107	2,158
0,92	3,151	2,187
0,94	3,194	2,215
0,96	3,237	2,244
0,98	3,280	2,272
1,00	3,323	2,300
1,02	3,366	2,328
1,04	3,408	2,356
1,06	3,451	2,383
1,08	3,493	2,411
1,10	3,535	2,438
1,12	3,577	2,465
1,14	3,619	2,492
1,16	3,660	2,519
1,18	3,702	2,546
1,20	3,743	2,572
1,22	3,784	2,598
1,24	3,825	2,624
1,26	3,866	2,650
1,28	3,907	2,676
1,30	3,947	2,702
1,32	3,988	2,728
1,34	4,028	2,753
1,36	4,068	2,778
1,38	4,108	2,803
1,40	4,148	2,828
1,42	4,187	2,853
1,44	4,227	2,877
1,46	4,266	2,902
1,48	4,305	2,926
1,50	4,344	2,950
1,52	4,383	2,974
1,54	4,421	2,998
1,56	4,460	3,021
1,58	4,498	3,045
1,60	4,536	3,068
1,62	4,574	3,091
1,64	4,612	3,114
1,66	4,650	3,137
1,68	4,687	3,160
1,70	4,724	3,182
1,72	4,761	3,204
1,74	4,798	3,226
1,76	4,835	3,248
1,78	4,872	3,270
1,80	4,908	3,292
1,82	4,945	3,314
1,84	4,981	3,335
1,86	5,017	3,356
1,88	5,053	3,377
1,90	5,088	3,398
1,92	5,124	3,419
1,94	5,159	3,439
1,96	5,194	3,460
1,98	5,229	3,480
2,00	5,264	3,500
2,02	5,299	3,520
2,04	5,333	3,540
2,06	5,367	3,559
2,08	5,402	3,579
2,10	5,435	3,598
2,12	5,469	3,617
2,14	5,503	3,636
2,16	5,536	3,655
2,18	5,570	3,674
2,20	5,603	3,692
2,22	5,636	3,710
2,24	5,668	3,728
2,26	5,701	3,746
2,28	5,733	3,764
2,30	5,766	3,782
2,32	5,798	3,800
2,34	5,829	3,817
2,36	5,861	3,834
2,38	5,893	3,851
2,40	5,924	3,868
2,42	5,955	3,885
2,44	5,986	3,901
2,46	6,017	3,918
2,48	6,048	3,934
2,50	6,078	3,950
2,52	6,108	3,966
2,54	6,139	3,982
2,56	6,168	3,997
2,58	6,198	4,013
2,60	6,228	4,028
2,62	6,257	4,043
2,64	6,286	4,058
2,66	6,315	4,073
2,68	6,344	4,088
2,70	6,373	4,102
2,72	6,401	4,116
2,74	6,430	4,130
2,76	6,458	4,144
2,78	6,486	4,158
2,80	6,514	4,172
2,82	6,541	4,186
2,84	6,569	4,199
2,86	6,596	4,212
2,88	6,623	4,225
2,90	6,650	4,238
2,92	6,676	4,251
2,94	6,703	4,263
2,96	6,729	4,276
2,98	6,755	4,288
3,00	6,781	4,300
3,02	6,807	4,312
3,04	6,832	4,324
3,06	6,858	4,335
3,08	6,883	4,347
3,10	6,908	4,358
3,12	6,933	4,369
3,14	6,957	4,380
3,16	6,982	4,391
3,18	7,006	4,402
3,20	7,030	4,412
3,22	7,054	4,422
3,24	7,077	4,432
3,26	7,101	4,442
3,28	7,124	4,452
3,30	7,147	4,462
3,32	7,170	4,472
3,34	7,193	4,481
3,36	7,215	4,490
3,38	7,238	4,499
3,40	7,260	4,508
3,42	7,282	4,517
3,44	7,303	4,525
3,46	7,325	4,534
3,48	7,346	4,542
3,50	7,367	4,550
3,52	7,388	4,558
3,54	7,409	4,566
3,56	7,430	4,573
3,58	7,450	4,581
3,60	7,470	4,588
3,62	7,490	4,595
3,64	7,510	4,602
3,66	7,530	4,609
3,68	7,549	4,616
3,70	7,568	4,622
3,72	7,587	4,628
3,74	7,606	4,634
3,76	7,625	4,640
3,78	7,643	4,646
3,80	7,661	4,652
3,82	7,679	4,658
3,84	7,697	4,663
3,86	7,714	4,668
3,88	7,732	4,673
3,90	7,749	4,678
3,92	7,766	4,683
3,94	7,783	4,687
3,96	7,799	4,692
3,98	7,816	4,696
4,00	7,832	4,700
4,02	7,848	4,704
4,04	7,864	4,708
4,06	7,879	4,711
4,08	7,895	4,715
4,10	7,910	4,718
4,12	7,925	4,721
4,14	7,940	4,724
4,16	7,954	4,727
4,18	7,968	4,730
4,20	7,983	4,732
4,22	7,997	4,734
4,24	8,010	4,736
4,26	8,024	4,738
4,28	8,037	4,740
4,30	8,050	4,742
4,32	8,063	4,744
4,34	8,076	4,745
4,36	8,088	4,746
4,38	8,100	4,747
4,40	8,113	4,748
4,42	8,124	4,749
4,44	8,136	4,749
4,46	8,147	4,750
4,48	8,159	4,750
4,50	8,170	4,750
4,52	8,180	4,750
4,54	8,191	4,750
4,56	8,201	4,749
4,58	8,212	4,749
4,60	8,221	4,748
4,62	8,231	4,747
4,64	8,241	4,746
4,66	8,250	4,745
4,68	8,259	4,744
4,70	8,268	4,742
4,72	8,277	4,740
4,74	8,285	4,738
4,76	8,293	4,736
4,78	8,301	4,734
4,80	8,309	4,732
4,82	8,317	4,730
4,84	8,324	4,727
4,86	8,331	4,724
4,88	8,338	4,721
4,90	8,345	4,718
4,92	8,351	4,715
4,94	8,358	4,711
4,96	8,364	4,708
4,98	8,369	4,704
5,00	8,375	4,700
5,02	8,380	4,696
5,04	8,386	4,692
5,06	8,391	4,687
5,08	8,395	4,683
5,10	8,400	4,678
5,12	8,404	4,673
5,14	8,408	4,668
5,16	8,412	4,663
5,18	8,416	4,658
5,20	8,419	4,652
5,22	8,422	4,646
5,24	8,425	4,640
5,26	8,428	4,634
5,28	8,430	4,628
5,30	8,433	4,622
5,32	8,435	4,616
5,34	8,436	4,609
5,36	8,438	4,602
5,38	8,439	4,595
5,40	8,441	4,588
5,42	8,441	4,581
5,44	8,442	4,573
5,46	8,443	4,566
5,48	8,443	4,558
5,50	8,443	4,550
5,52	8,443	4,542
5,54	8,442	4,534
5,56	8,442	4,525
5,58	8,441	4,517
5,60	8,439	4,508
5,62	8,438	4,499
5,64	8,437	4,490
5,66	8,435	4,481
5,68	8,433	4,472
5,70	8,430	4,462
5,72	8,428	4,452
5,74	8,425	4,442
5,76	8,422	4,432
5,78	8,419	4,422
5,80	8,415	4,412
5,82	8,412	4,402
5,84	8,408	4,391
5,86	8,404	4,380
5,88	8,399	4,369
5,90	8,395	4,358
5,92	8,390	4,347
5,94	8,385	4,335
5,96	8,379	4,324
5,98	8,374	4,312
6,00	8,368	4,300
6,02	8,362	4,288
6,04	8,356	4,276
6,06	8,349	4,263
6,08	8,342	4,251
6,10	8,335	4,238
6,12	8,328	4,225
6,14	8,321	4,212
6,16	8,313	4,199
6,18	8,305	4,186
6,20	8,297	4,172
6,22	8,288	4,158
6,24	8,280	4,144
6,26	8,271	4,130
6,28	8,262	4,116
6,30	8,252	4,102
6,32	8,243	4,088
6,34	8,233	4,073
6,36	8,223	4,058
6,38	8,212	4,043
6,40	8,202	4,028
6,42	8,191	4,013
6,44	8,180	3,997
6,46	8,169	3,982
6,48	8,157	3,966
6,50	8,145	3,950
6,52	8,133	3,934
6,54	8,121	3,918
6,56	8,108	3,901
6,58	8,095	3,885
6,60	8,082	3,868
6,62	8,069	3,851
6,64	8,055	3,834
6,66	8,042	3,817
6,68	8,028	3,800
6,70	8,013	3,782
6,72	7,999	3,764
6,74	7,984	3,746
6,76	7,969	3,728
6,78	7,954	3,710
6,80	7,938	3,692
6,82	7,922	3,674
6,84	7,906	3,655
6,86	7,890	3,636
6,88	7,874	3,617
6,90	7,857	3,598
6,92	7,840	3,579
6,94	7,822	3,559
6,96	7,805	3,540
6,98	7,787	3,520
7,00	7,769	3,500
7,02	7,751	3,480
7,04	7,732	3,460
7,06	7,713	3,439
7,08	7,694	3,419
7,10	7,675	3,398
7,12	7,655	3,377
7,14	7,636	3,356
7,16	7,615	3,335
7,18	7,595	3,314
7,20	7,574	3,292
7,22	7,554	3,270
7,24	7,532	3,248
7,26	7,511	3,226
7,28	7,489	3,204
7,30	7,468	3,182
7,32	7,445	3,160
7,34	7,423	3,137
7,36	7,400	3,114
7,38	7,377	3,091
7,40	7,354	3,068
7,42	7,331	3,045
7,44	7,307	3,021
7,46	7,283	2,998
7,48	7,259	2,974
7,50	7,234	2,950
7,52	7,210	2,926
7,54	7,185	2,902
7,56	7,159	2,877
7,58	7,134	2,853
7,60	7,108	2,828
7,62	7,082	2,803
7,64	7,056	2,778
7,66	7,029	2,753
7,68	7,002	2,728
7,70	6,975	2,702
7,72	6,948	2,676
7,74	6,920	2,650
7,76	6,892	2,624
7,78	6,864	2,598
7,80	6,835	2,572
7,82	6,807	2,546
7,84	6,778	2,519
7,86	6,748	2,492
7,88	6,719	2,465
7,90	6,689	2,438
7,92	6,659	2,411
7,94	6,629	2,383
7,96	6,598	2,356
7,98	6,567	2,328
8,00	6,536	2,300
8,02	6,505	2,272
8,04	6,473	2,244
8,06	6,441	2,215
8,08	6,409	2,187
8,10	6,376	2,158
8,12	6,343	2,129
8,14	6,310	2,100
8,16	6,277	2,071
8,18	6,243	2,042
8,20	6,210	2,012
8,22	6,175	1,982
8,24	6,141	1,952
8,26	6,106	1,922
8,28	6,071	1,892
8,30	6,036	1,862
8,32	6,001	1,832
8,34	5,965	1,801
8,36	5,929	1,770
8,38	5,892	1,739
8,40	5,856	1,708
8,42	5,819	1,677
8,44	5,782	1,645
8,46	5,744	1,614
8,48	5,707	1,582
8,50	5,669	1,550
8,52	5,630	1,518
8,54	5,592	1,486
8,56	5,553	1,453
8,58	5,514	1,421
8,60	5,474	1,388
8,62	5,435	1,355
8,64	5,395	1,322
8,66	5,355	1,289
8,68	5,314	1,256
8,70	5,273	1,222
8,72	5,232	1,188
8,74	5,191	1,154
8,76	5,149	1,120
8,78	5,107	1,086
8,80	5,065	1,052
8,82	5,022	1,018
8,84	4,980	0,983
8,86	4,937	0,948
8,88	4,893	0,913
8,90	4,850	0,878
8,92	4,806	0,843
8,94	4,761	0,807
8,96	4,717	0,772
8,98	4,672	0,736
9,00	4,627	0,700
9,02	4,582	0,664
9,04	4,536	0,628
9,06	4,490	0,591
9,08	4,444	0,555
9,10	4,397	0,518
9,12	4,350	0,481
9,14	4,303	0,444
9,16	4,256	0,407
9,18	4,208	0,370
9,20	4,160	0,332
9,22	4,112	0,294
9,24	4,064	0,256
9,26	4,015	0,218
9,28	3,966	0,180
9,30	3,916	0,142
9,32	3,866	0,104
9,34	3,816	0,065
9,36	3,766	0,026